like1=[0.45 0.45 0.1; 0.45 0.45 0.1; 0.1 0.1 0.8];
like2=[0.45 0.1 0.45; 0.1 0.45 0.45; 0.45 0.45 0.1];
prior=[1/3; 1/3; 1/3];


   